122151152541 0.0000 0.5000
115511154252 0.2857 0.5000
220020211143 0.2698 0.5000
455251322131 0.2812 0.5000
104001255025 0.2727 0.5000
132300544554 0.2784 0.5192
502342343033 0.2769 0.5156
053451115041 0.2857 0.5172
444112114123 0.2951 0.5172
001302153025 0.2609 0.5000
502334234453 0.2872 0.5231
304241245554 0.3103 0.5270
513310312001 0.3000 0.5000
054144232113 0.2951 0.5250
234315444145 0.2927 0.5250
340305213510 0.2812 0.5172
031520124520 0.3000 0.5172
024201223230 0.3103 0.5217
255455051445 0.2308 0.5000
044122331401 0.2813 0.5000
351143204135 0.2880 0.5192
554434421432 0.2813 0.5238
154523340510 0.2903 0.5250
412431113202 0.2813 0.5172
223131200530 0.2353 0.5000
