452344050142150 0.3200 0.5294
554045520032231 0.2979 0.5000
415025231524342 0.3214 0.5294
424042035121235 0.2821 0.5000
551521514053234 0.3210 0.5294
253430051211155 0.3234 0.5260
351453525553452 0.3195 0.5294
043100130031342 0.3187 0.5294
303343414204255 0.3293 0.5294
312343430233232 0.3307 0.5294
241014425104212 0.2530 0.5000
002551541233432 0.3273 0.5294
304130322435245 0.3375 0.5263
504000512115120 0.3377 0.5294
324103113233103 0.2903 0.5185
011052345013523 0.3207 0.5294
512435030444321 0.3390 0.5270
152242115441454 0.3404 0.5333
142212201053435 0.2727 0.5000
