504421042013 0.2872 0.5172
344054511122 0.0000 0.5000
423211414554 0.3072 0.5192
504541421254 0.3234 0.5217
444042523550 0.3114 0.5000
100355403515 0.2727 0.5000
405312215531 0.3087 0.5250
343511515130 0.2222 0.5000
303223331254 0.3313 0.5270
554010324543 0.3234 0.5250
341151245313 0.3066 0.5250
223333220044 0.2857 0.5000
345034053312 0.2958 0.5192
233041042302 0.3000 0.5000
332044253255 0.3061 0.5217
244222402311 0.2565 0.5000
011505311512 0.3234 0.5260
530222013442 0.2812 0.5000
451402422140 0.2979 0.5000
255353022222 0.2530 0.5000
332132211443 0.2863 0.5156
530111524421 0.2727 0.5172
112001324432 0.2835 0.5000
234311134254 0.3120 0.5250
150321420201 0.3375 0.5263
354510215040 0.3061 0.5250
301000215021 0.2958 0.5172
501522505340 0.3214 0.5233
143152254141 0.2937 0.5000
200503454133 0.2308 0.5000
241450353004 0.3200 0.5250
523345231302 0.2791 0.5000
550103501503 0.3082 0.5250
105521433311 0.2937 0.5172
504305152410 0.2560 0.5000
412542404243 0.3221 0.5217
013513115102 0.2202 0.5000
523512001534 0.3066 0.5238
041230510540 0.3243 0.5217
213242050105 0.3158 0.5231
150505453233 0.2886 0.5217
425145541112 0.3111 0.5172
512202103200 0.2835 0.5172
522240004022 0.3061 0.5000
134523510103 0.3200 0.5185
252543404535 0.1500 0.5000
224250205051 0.2903 0.5185
