504421042013 0.4081
344054511122 0.3217
423211414554 0.4078
504541421254 0.4144
444042523550 0.4102
100355403515 0.3786
405312215531 0.4125
343511515130 0.3859
303223331254 0.4195
554010324543 0.4184
341151245313 0.4077
223333220044 0.4012
345034053312 0.4112
233041042302 0.4080
332044253255 0.4111
244222402311 0.3996
011505311512 0.4112
530222013442 0.4038
451402422140 0.4018
255353022222 0.3921
332132211443 0.3988
530111524421 0.3750
112001324432 0.4172
234311134254 0.4105
150321420201 0.4284
354510215040 0.4107
301000215021 0.4080
501522505340 0.4103
143152254141 0.4014
200503454133 0.3786
241450353004 0.4180
523345231302 0.3998
550103501503 0.4150
105521433311 0.4075
504305152410 0.4100
412542404243 0.4250
013513115102 0.3711
523512001534 0.4093
041230510540 0.4250
213242050105 0.4086
150505453233 0.3879
425145541112 0.4124
512202103200 0.4017
522240004022 0.4124
134523510103 0.4145
252543404535 0.3659
224250205051 0.4071
