0515200014311325 0.3484 0.5516
5135142520502043 0.3531 0.5473
2241105450003541 0.3504 0.5581
5524345005102334 0.3406 0.5546
1035344322343404 0.3569 0.5474
4302210554123115 0.3150 0.5333
4221425044351352 0.3335 0.5547
4252510212532250 0.3403 0.5419
3200031223253153 0.3500 0.5581
1412454534334255 0.3376 0.5455
2423111511042511 0.3191 0.5357
4455505133344033 0.3277 0.5401
4305232235231104 0.3374 0.5419
2151343142203304 0.3479 0.5635
2130501000501523 0.3162 0.5319
3024204015101205 0.3386 0.5504
1204111303000255 0.3443 0.5508
1035033423350415 0.3506 0.5538
5000551250505124 0.3388 0.5512
2043305310202523 0.3332 0.5400
